#########################################################
### This file contains the pareto front approximation ###
#########################################################
### Solution format:     F(1:O)    G(1:M)    X(1:N)   ###
#########################################################
#
#        O         M         N     PSIZE
#
         2         0         4       236
#
#        MIDACO solution
#
          0.2659010  126536597.1719559  723184265.6968793  126536597.1719559         99.9741995          1.3514849
#
#        All non-dominated solutions found by MIDACO
#
         54.7271558    6899969.6839900  724500223.1136522    6899969.6839900         12.7841827        106.9401281 
          0.2722457  126352782.3912337  723268055.5875020  126352782.3912337         99.9891674          1.3697482 
         24.9971917   11081812.2723387  721705847.9994361   11081812.2723387          7.2144848         98.3346309 
          0.3698078  122744464.3723472  724066365.4871181  122744464.3723472         98.6652566         41.6182954 
          4.7414768   26438244.5225174  695864484.7133116   26438244.5225174          1.0014333        291.6601450 
          0.2663103  126394544.9675175  723277120.3991624  126394544.9675175         99.9972358          1.3525061 
          0.5930638  116917084.5675169  712385796.0655107  116917084.5675169        100.0000000         61.6972533 
         17.6150386   13308159.8775582  720614225.5347019   13308159.8775582          5.4917501         98.2587770 
          6.4941401   22846604.2441160  700227880.9884608   22846604.2441160          2.0176534        294.4852564 
          3.1920769   53237294.1159093  716822860.1560274   53237294.1159093          1.0000000          3.9888563 
          6.6281879   22493329.4675150  704266998.0246189   22493329.4675150          1.0000000        285.6585247 
         12.9116486   15472278.6406394  719681041.7287842   15472278.6406394          4.2184890         99.6403395 
          3.8939909   45795072.6726693  715342401.6929059   45795072.6726693         89.8777174         29.7772962 
          4.0248975   41736062.1691842  726300065.1839073   41736062.1691842        100.0000000        360.0000000 
          3.8758863   46785604.8193935  712890301.6612370   46785604.8193935        100.0000000          5.9761084 
          0.2660060  126402106.4569593  723279969.7192682  126402106.4569593         99.9966536          1.3456481 
          0.2671066  126383906.4031994  723275320.0091597  126383906.4031994         99.9938899          1.3551756 
          4.7422914   26411711.2207982  695864693.7988362   26411711.2207982          1.0025044        291.5034078 
         17.0777741   14821215.2725418  723805762.1783475   14821215.2725418         16.6605630        142.9538787 
          5.7502046   24958450.0998681  700694801.6095734   24958450.0998681          2.1901863        292.9828128 
          1.2636546   97366524.5841757  696340292.1034375   97366524.5841757        100.0000000        121.6387311 
         18.5772948   12657111.5398163  720028335.1360217   12657111.5398163          3.1560809         87.9843796 
          3.8675313   47008213.3133312  712772241.1650388   47008213.3133312        100.0000000          6.1529781 
          5.3802566   25012092.5096876  698841733.2809503   25012092.5096876          1.2201909        291.9088727 
          3.8732080   46839209.8129109  712800314.6071763   46839209.8129109         99.9590056          6.0575398 
          3.1924528   53213269.3826894  716704616.4463478   53213269.3826894          1.0000000          4.0254645 
         29.7522578    9931101.0979374  722041169.5015620    9931101.0979374          7.3868270         95.7699213 
          3.8675185   47005331.8087308  712775810.1804785   47005331.8087308        100.0000000          6.1534683 
          3.8675037   47000042.8820782  712780663.0414231   47000042.8820782        100.0000000          6.1525962 
          3.8675315   46999548.2876701  712780443.4616501   46999548.2876701        100.0000000          6.1571942 
          3.8675277   47006092.6658844  712772241.1650392   47006092.6658844        100.0000000          6.1529781 
          0.2659675  126415303.6440550  723275515.7382009  126415303.6440550         99.9937524          1.3475476 
          0.2662369  126399343.9253343  723275854.8468764  126399343.9253343         99.9945317          1.3495742 
         17.0628301   15198595.0246356  695083297.9519955   15198595.0246356         22.7639861        360.0000000 
          3.8675464   47009963.3495582  712770016.3223815   47009963.3495582        100.0000000          6.1579795 
          3.8675471   47009846.6981537  712770308.5960355   47009846.6981537        100.0000000          6.1581705 
          4.7412253   26450733.4947141  695864111.0503901   26450733.4947141          1.0012143        291.7972506 
          4.7425176   26408387.4983368  695865433.1057863   26408387.4983368          1.0017163        291.5966008 
         40.0905814    8319001.2093109  723174516.8507456    8319001.2093109          9.7099877         99.7257169 
          7.0830823   15809709.6453625  710226030.4863013   15809709.6453625         73.8149093        308.6295784 
          3.8675387   47008783.3579671  712770016.3223858   47008783.3579671        100.0000000          6.1564871 
          3.8695054   46912834.4938065  712939703.8352214   46912834.4938065        100.0000000          6.1517352 
         32.5527008    9310207.7832828  722079434.3361855    9310207.7832828          7.0322585         92.7631026 
          3.8674979   46986763.2998549  712783642.1391963   46986763.2998549        100.0000000          6.1478006 
          4.7426828   26401678.6063610  695865129.7734971   26401678.6063610          1.0017302        291.5234397 
          0.8007433  101329507.6615856  726300065.1839073  101329507.6615856         91.6873520         42.2310341 
          2.2959599   69634688.1879140  716714289.0007451   69634688.1879140        100.0000000         69.2982215 
         59.8428260    6664919.7053172  697078624.5055765    6664919.7053172         25.5796464        152.6883027 
         47.6594126    7058876.6863517  722713516.0160056    7058876.6863517          7.3005351         87.4954579 
         22.2141512   11938238.2426886  721627178.1828535   11938238.2426886          7.6223388        102.1875521 
          3.8674557   46975452.1607060  712809848.2117172   46975452.1607060        100.0000000          6.1429494 
          3.8674551   46982133.7631906  712809754.0055999   46982133.7631906        100.0000000          6.1419130 
          3.8852329   46691398.0154880  712704092.1577901   46691398.0154880         99.9540791          5.9446599 
          3.8674539   46982233.2722506  712809848.2117174   46982233.2722506        100.0000000          6.1429494 
         38.8302671    8443344.7109350  722963094.3299503    8443344.7109350          9.1417777         98.0099072 
          3.8724223   46865903.9730316  712796672.8318846   46865903.9730316         99.9596700          6.0686963 
          4.6209416   26464867.8687359  695571373.4379442   26464867.8687359          1.0000000        243.5232069 
          4.6207544   26464890.6401221  695569448.4229015   26464890.6401221          1.0000000        243.5960919 
          4.6191367   26465512.3843398  695505231.5058599   26465512.3843398          1.0000000        245.9445216 
          4.6190123   26465512.3292796  695505034.9922884   26465512.3292796          1.0000000        245.9400553 
          4.6185441   26465511.9543575  695505033.0901471   26465511.9543575          1.0000000        245.9096430 
          4.6142677   26465506.5546457  695505005.6950881   26465506.5546457          1.0000000        245.4716384 
          4.6137696   26465505.3177720  695504999.4198956   26465505.3177720          1.0000000        245.3713078 
          4.6135619   26465504.5123826  695504995.3338091   26465504.5123826          1.0000000        245.3059776 
          4.6120134   26465494.6402628  695504945.2483014   26465494.6402628          1.0000000        244.5051880 
          4.6114758   26465489.5739711  695504919.5448257   26465489.5739711          1.0000000        244.0942292 
          4.7413443   26443252.7731463  695864148.0692978   26443252.7731463          1.0014696        291.7310595 
          4.7407027   26462844.1929899  695861855.1836058   26462844.1929899          1.0000201        291.8360403 
          4.6247770   26464289.9681099  695602537.8327549   26464289.9681099          1.0000000        242.2159532 
          4.7406905   26462506.6148942  695861761.9266672   26462506.6148942          1.0000176        291.8224910 
          4.7406412   26463494.0190048  695859992.8933902   26463494.0190048          1.0015935        291.8599964 
          4.6113359   26465687.0365591  695504023.2610849   26465687.0365591          1.0000000        244.0256791 
          4.6082675   26466023.8834490  695487916.8445290   26466023.8834490          1.0000000        243.3987798 
          4.5966219   26469595.0236761  695317161.8997726   26469595.0236761          1.0000000        236.7525994 
          4.5348879   26490964.0803946  694742465.1839073   26490964.0803946          1.0000000        196.9830589 
          3.8674905   46985059.3593317  712804651.1760519   46985059.3593317        100.0000000          6.1507614 
          0.2669393  126387817.4386414  723275101.7881958  126387817.4386414         99.9924660          1.3533579 
          3.8937298   45892138.2870336  715297396.0201647   45892138.2870336         89.8089572         29.7850022 
          4.5320829   26491173.7865684  694742768.7851626   26491173.7865684          1.0018790        197.2893518 
          4.5306506   26491219.1730620  694742769.1535126   26491219.1730620          1.0029049        197.7424921 
          4.5304619   26491219.1730620  694742769.1535126   26491219.1730620          1.0008933        197.7424921 
          4.5303237   26491469.0287192  694742465.1839073   26491469.0287192          1.0000000        197.7504948 
          4.5302095   26493030.7184349  694742465.1839073   26493030.7184349          1.0000000        197.8192951 
          4.5299715   26507890.0327846  694742465.1839073   26507890.0327846          1.0000000        195.8522714 
          4.5296957   26508406.2303001  694742465.1839073   26508406.2303001          1.0000000        195.7815713 
          4.5294328   26509073.3065095  694742465.1839073   26509073.3065095          1.0000000        195.6902063 
          4.5292240   26510564.8653148  694742465.1839073   26510564.8653148          1.0000000        195.4859175 
          4.5290536   26513200.7514605  694742465.1839073   26513200.7514605          1.0000000        195.5845143 
          4.5285401   26522695.3331827  694742465.1839073   26522695.3331827          1.0000000        195.5705019 
          4.5283469   26524087.3448001  694742465.1839073   26524087.3448001          1.0000000        195.4782983 
          4.5282370   26525568.2347106  694742465.1839073   26525568.2347106          1.0000000        195.4183083 
          4.5280456   26529010.2885704  694742465.1839073   26529010.2885704          1.0000000        195.3392764 
          4.5278975   26531389.0608033  694742465.1839073   26531389.0608033          1.0000000        195.3392764 
          3.8937440   45863215.2037284  715305014.1899444   45863215.2037284         89.8098221         29.7841771 
          0.2665513  126391923.8951012  723277070.0355835  126391923.8951012         99.9943956          1.3529362 
          3.8936777   45875130.6211243  715301875.7391865   45875130.6211243         89.8282866         29.7845170 
          4.5253939   26583109.0601571  694742465.1839073   26583109.0601571          1.0000000        197.0080397 
          4.5252896   26587255.4904109  694742465.1839073   26587255.4904109          1.0000000        196.9347808 
          4.5251519   26592806.9056397  694742465.1839073   26592806.9056397          1.0000000        196.9347808 
          4.5248303   26612836.6513783  694742465.1839073   26612836.6513783          1.0000000        196.7434217 
          4.7413413   26443926.8258719  695864227.8099629   26443926.8258719          1.0013869        291.7100985 
         60.4012713    5753380.9398696  722701616.0175270    5753380.9398696          6.2652844         80.1226506 
          4.6244126   26464514.5726225  695601239.8820875   26464514.5726225          1.0000000        242.3924020 
          4.7491127   26360836.1256887  695896846.7737732   26360836.1256887          1.0001316        291.6483307 
          4.7407490   26463360.1469659  695862167.3649962   26463360.1469659          1.0000103        291.8600760 
          4.7410469   26452219.2412395  695863378.8851426   26452219.2412395          1.0004276        291.8275849 
          4.6246052   26464289.9681099  695602482.4790176   26464289.9681099          1.0000000        242.3022713 
          4.6312332   26464135.3237289  695580565.2752047   26464135.3237289          1.0000000        237.9886543 
          4.6239923   26464589.8856066  695594873.1801981   26464589.8856066          1.0000000        242.6334584 
          4.7407598   26463576.0478198  695862236.8518006   26463576.0478198          1.0000132        291.8643737 
          6.3445840   23102462.2976816  704893502.3534161   23102462.2976816          1.0000000        284.0114546 
          4.7462677   26362465.2404901  695866825.2429940   26362465.2404901          1.0046614        291.5588552 
          6.3520726   23061972.8314104  705270408.5245701   23061972.8314104          1.0000000        289.2107152 
          6.0119111   24012319.9192907  703332677.7242892   24012319.9192907          1.0000000        282.9126432 
          5.6952081   24963308.3778194  701964289.0703211   24963308.3778194          1.0000000        274.9808863 
          6.1324450   23656244.1121814  703476701.9623895   23656244.1121814          1.0000000        285.3555437 
          6.2558634   23327356.3376815  703352304.0496501   23327356.3376815          1.0000000        285.4210337 
          5.7721424   24550341.6139350  701852175.6584791   24550341.6139350          1.0000000        278.5725708 
          5.9127597   24027535.8244459  701445419.2343813   24027535.8244459          1.0000000        277.8816068 
          6.1120818   23714356.8587499  703476701.9623895   23714356.8587499          1.0000000        285.5131160 
          5.9119262   24092348.9592624  701838644.5101279   24092348.9592624          1.0000000        279.7666617 
          6.0771110   23747818.6944399  702736754.3863555   23747818.6944399          1.0000000        284.2477518 
          6.1831874   23553720.0798928  704408680.1300552   23553720.0798928          1.0000000        286.8619198 
          6.2184728   23450656.0365129  704451860.5812037   23450656.0365129          1.0000000        286.9897565 
          6.1143201   23708681.7116655  703479041.6217122   23708681.7116655          1.0000000        284.7574433 
          6.1722581   23561495.5086138  703757678.2049519   23561495.5086138          1.0000000        284.6055510 
          5.9021104   24243483.7709620  702513568.0954440   24243483.7709620          1.0000000        282.9073372 
          6.5649409   22635605.4014710  703983886.5949335   22635605.4014710          1.0000000        284.7390018 
          5.3197758   25313589.9121682  698884988.9622109   25313589.9121682          1.2976020        291.9007152 
          6.2384455   23385688.5911762  703832775.1372223   23385688.5911762          1.0000000        284.2326690 
          5.8546655   24252436.0378975  699626783.2647724   24252436.0378975          2.6202836        292.5937407 
          5.7563314   24829035.0146269  700482737.4075966   24829035.0146269          2.2762844        292.9833900 
          5.3231447   25238588.8915248  698954552.5151955   25238588.8915248          1.1254154        291.8991468 
          5.0801498   25747879.6995799  697732843.5512906   25747879.6995799          1.1898892        291.8712589 
          5.1643641   25543467.7070021  697953577.9530560   25543467.7070021          1.3506300        291.8930154 
          4.9571429   26131839.0599287  697273275.2065233   26131839.0599287          1.0493258        291.8762371 
          5.1140108   25554271.0777458  697785045.9876486   25554271.0777458          1.1224797        291.8742827 
          4.9540335   26131839.0599287  697273275.2065233   26131839.0599287          1.0284664        291.8762371 
          4.9885143   26072122.2380899  697487222.1662812   26072122.2380899          1.0292968        291.8732246 
          5.0154735   25773774.0351971  697250243.4532362   25773774.0351971          1.2031309        292.7279315 
          5.0044174   25777152.8208132  697199278.8096526   25777152.8208132          1.1650860        291.8018329 
          4.9600840   26085831.7108205  697252544.3351786   26085831.7108205          1.0690173        292.0676797 
          4.8266639   26195268.0575761  696392715.2232798   26195268.0575761          1.0128383        291.8279188 
          4.8076707   26217986.9096179  696246353.5218529   26217986.9096179          1.0300731        291.8261363 
          4.8128672   26197987.4124645  696255584.2400763   26197987.4124645          1.0474835        291.8211216 
          4.8090449   26208916.6051607  696266151.7178942   26208916.6051607          1.0113916        291.8282800 
          4.8072600   26226319.3133196  696255424.7780885   26226319.3133196          1.0225202        291.8157724 
          4.8065267   26244839.3222349  696273354.8942494   26244839.3222349          1.0077840        291.8387936 
          4.8063802   26250716.9166608  696281821.9538585   26250716.9166608          1.0000000        291.8343306 
          4.7878114   26268743.5005474  696151459.1739542   26268743.5005474          1.0000127        291.8480511 
          4.7891248   26266808.4600176  696159636.5435410   26266808.4600176          1.0000000        291.8579979 
          4.7761991   26290185.3608256  696036343.3083905   26290185.3608256          1.0390035        291.8468696 
          4.7778591   26285713.7066546  696048356.4732972   26285713.7066546          1.0397830        291.8481318 
          4.7749092   26306776.0986754  696067478.4067923   26306776.0986754          1.0000000        291.8582715 
          4.7749995   26306088.8848725  696068668.5686407   26306088.8848725          1.0000000        291.8424729 
          4.7747750   26307582.2912207  696068533.8192580   26307582.2912207          1.0000000        291.8310737 
          4.7750885   26304609.7255605  696067904.0000095   26304609.7255605          1.0000000        291.8410292 
          4.7742800   26310364.9347897  696063485.3760421   26310364.9347897          1.0038304        291.8327621 
          4.7737285   26310862.4782451  696060923.9282011   26310862.4782451          1.0001798        291.8185274 
          4.7733674   26311360.0217004  696058082.4827394   26311360.0217004          1.0000000        291.8063997 
          4.7729643   26314394.2792580  696056975.7904325   26314394.2792580          1.0000000        291.8083846 
          4.7726247   26317967.2078856  696051682.0560385   26317967.2078856          1.0082510        291.8067020 
          4.7727829   26317127.7676083  696046136.9187040   26317127.7676083          1.0170991        291.8042705 
          4.7724874   26319076.7532084  696056571.9082139   26319076.7532084          1.0000000        291.8159087 
          4.7711525   26326417.1587576  696048022.4385134   26326417.1587576          1.0024575        291.8141181 
          4.7713653   26321409.1435711  696043876.6227314   26321409.1435711          1.0020753        291.8240634 
          4.7711702   26324267.5584133  696042973.9952976   26324267.5584133          1.0066373        291.8152864 
          4.7705893   26327435.6668139  696044607.5862694   26327435.6668139          1.0000000        291.8066825 
          4.7608967   26336025.7553123  695980595.3638871   26336025.7553123          1.0000000        291.8183976 
          4.7631969   26331613.5549747  695991367.9104037   26331613.5549747          1.0035689        291.8348513 
          4.7701911   26327996.4741201  696029339.0108613   26327996.4741201          1.0165268        291.8150990 
          4.7635592   26328449.3672186  695988855.7565827   26328449.3672186          1.0077086        291.8320906 
          4.7623813   26331697.8379197  695977900.4504658   26331697.8379197          1.0120265        291.8231504 
          4.7620571   26332295.4095923  695970585.3700211   26332295.4095923          1.0174902        291.8148565 
          4.7606468   26336961.4427025  695978597.8851249   26336961.4427025          1.0004995        291.8092008 
          4.7615520   26335498.2241699  695980532.6265517   26335498.2241699          1.0043445        291.8074571 
          4.7486821   26361768.7726331  695893220.9959437   26361768.7726331          1.0013155        291.6276004 
          4.7485925   26361626.6820768  695891711.1827707   26361626.6820768          1.0017132        291.6292992 
          4.7484307   26362147.0223239  695891811.3899014   26362147.0223239          1.0000000        291.6246454 
          4.7505944   26358506.1321383  695905752.9265070   26358506.1321383          1.0007043        291.7421223 
          4.7507357   26357740.0130618  695904633.4975600   26357740.0130618          1.0005378        291.7712527 
          4.7505583   26358077.7651760  695905390.5129415   26358077.7651760          1.0001778        291.7385908 
          4.7506123   26357746.2575260  695905126.7628790   26357746.2575260          1.0003478        291.7449751 
          4.7504202   26358984.0472308  695904565.8009802   26358984.0472308          1.0005622        291.7379544 
          4.7504159   26358836.3974984  695904620.8561131   26358836.3974984          1.0001390        291.7378383 
          4.7504267   26358660.0584730  695904253.9677843   26358660.0584730          1.0005288        291.7385411 
          4.7503092   26359706.7543358  695904366.7238350   26359706.7543358          1.0008587        291.7297166 
          4.7503106   26359543.4652472  695904132.7223684   26359543.4652472          1.0009798        291.7296079 
          4.7501044   26359731.7930789  695903014.2537402   26359731.7930789          1.0008773        291.7122017 
          4.7500395   26359683.3522650  695903224.1816946   26359683.3522650          1.0002225        291.7020008 
          4.7499333   26359946.8745572  695902191.2192436   26359946.8745572          1.0003980        291.7015484 
          4.7499205   26359698.7354261  695901624.8217098   26359698.7354261          1.0000060        291.7082980 
          4.7498034   26360121.1760652  695900928.0628406   26360121.1760652          1.0007507        291.6965150 
          4.7496643   26360514.9478042  695899214.3989332   26360514.9478042          1.0012003        291.7003297 
          4.7495949   26360389.7862703  695899304.0239387   26360389.7862703          1.0006949        291.6883752 
          4.7494510   26360576.2659697  695898176.1574094   26360576.2659697          1.0007374        291.6819481 
          4.7490062   26360891.8810686  695895959.1314445   26360891.8810686          1.0000705        291.6442014 
          4.7488528   26361448.4822789  695894737.3683624   26361448.4822789          1.0006349        291.6380928 
          4.7488364   26361134.2764858  695893818.5615140   26361134.2764858          1.0012800        291.6375950 
          4.7526303   26337247.7308518  695893517.4819360   26337247.7308518          1.0233518        291.6804388 
          4.7493461   26360853.3955936  695897184.4733455   26360853.3955936          1.0013215        291.6764983 
          4.7492652   26360798.4624295  695896751.6930223   26360798.4624295          1.0006079        291.6747821 
         68.6199670    4956497.8153004  721379066.2795484    4956497.8153004          1.5071500         60.6595176 
          3.8674601   46985954.7606800  712810099.6514252   46985954.7606800        100.0000000          6.1457157 
          3.8684463   46936600.2659057  712895264.4209577   46936600.2659057        100.0000000          6.1514148 
          3.8936542   45859057.9371525  715308035.1550545   45859057.9371525         89.8563128         29.7843875 
          3.8936565   45850441.6057862  715312662.9936738   45850441.6057862         89.8591952         29.7783376 
          3.8936540   45853670.3640058  715310928.8249952   45853670.3640058         89.8581151         29.7783983 
          3.8937435   45892661.7236201  715280799.6834548   45892661.7236201         89.8089416         29.7850172 
         24.2739279   11119836.0138717  721350433.7292407   11119836.0138717          6.1285727         94.5022266 
          3.8939567   45799686.3553531  715322022.9392325   45799686.3553531         89.9024834         29.7781288 
          3.8681496   46945542.7816512  712878542.8871437   46945542.7816512        100.0000000          6.1512942 
          3.8719906   46897982.3567811  712798004.0922459   46897982.3567811         99.9601241          6.0718241 
          3.8936535   45857514.3535270  715308864.2150815   45857514.3535270         89.8568292         29.7784706 
          0.3846549  122713298.2483646  723967338.6783642  122713298.2483646         98.5941808         42.9255793 
          0.3697796  122755197.3409801  724064142.7143843  122755197.3409801         98.6608154         41.6330933 
          0.3697671  122756734.8249587  724063817.7488371  122756734.8249587         98.6623615         41.6386767 
          0.3697786  122759769.3448295  724063248.6205814  122759769.3448295         98.6602904         41.6349884 
          0.3697352  122750373.2303292  724066449.5078502  122750373.2303292         98.6629427         41.6639333 
          0.3697679  122752891.3359451  724064548.5993122  122752891.3359451         98.6601797         41.6688403 
          0.3697687  122757381.5479575  724063767.8919889  122757381.5479575         98.6616906         41.6365620 
          0.3697877  122756360.3630774  724063904.4865539  122756360.3630774         98.6613304         41.6128682 
          0.3697367  122748243.9323729  724065871.6451006  122748243.9323729         98.6636802         41.6759923 
          0.3697638  122744713.8343056  724066197.1794515  122744713.8343056         98.6629104         41.6779022 
          0.3697392  122751166.7814355  724066414.8895409  122751166.7814355         98.6628752         41.6672462 
          0.3697321  122749332.3368688  724066425.2409880  122749332.3368688         98.6641421         41.6583088 
          0.3697201  122746209.6089822  724067056.7140187  122746209.6089822         98.6661286         41.6551295 
          0.2661274  126399843.8196208  723284041.7712672  126399843.8196208         99.9920153          1.3399071 
          0.2728522  126342120.9144836  723267417.1845331  126342120.9144836         99.9894590          1.3645429 
          0.2659503  126415877.9032063  723278222.3932567  126415877.9032063         99.9959009          1.3462171 
         43.7095608    7223196.9413388  721356113.4478680    7223196.9413388          3.1678056         72.9645761 
          0.3627328  126185129.7271941  724391301.1708965  126185129.7271941        100.0000000         44.3441500 
          0.3625135  126185115.3894747  724391302.4563259  126185115.3894747        100.0000000         44.3465378 
          0.3621513  126185170.4335408  724391302.6073966  126185170.4335408        100.0000000         44.3843770 
          0.3653902  126184819.3292280  724391301.7573168  126184819.3292280        100.0000000         44.3249921 
          0.3616040  126185174.3287644  724391302.6743379  126185174.3287644        100.0000000         44.3697939 
