#########################################################
### This file contains the pareto front approximation ###
#########################################################
### Solution format:     F(1:O)    G(1:M)    X(1:N)   ###
#########################################################
#
#        O         M         N     PSIZE
#
         2         0         4        51
#
#        MIDACO solution
#
          0.2659010  126536596.4741580  723184286.2024490  126536596.4741580         99.9741890          1.3514855
#
#        All non-dominated solutions found by MIDACO
#
         25.8093530   10589762.1293299  721126017.0884165   10589762.1293299          5.0193629         89.0106237 
         69.5910443    6396324.7573356  699769580.5184337    6396324.7573356         33.8161866        181.8116397 
         23.6899362   12850904.6420670  725954498.3313946   12850904.6420670         21.8953052        156.4749055 
         10.9283472   17585460.1711063  720490485.9234499   17585460.1711063          8.3731259        120.5636923 
         23.2412063   13037356.3659604  726045942.4321349   13037356.3659604         22.3246998        158.5488304 
          9.3024318   21351648.2745200  722919454.8256255   21351648.2745200         18.8719630        169.0747661 
         18.3320595   14249737.0145044  723824346.5998552   14249737.0145044         16.2820275        139.9971233 
         84.1933338    4357202.0521593  723440922.4584901    4357202.0521593          7.5173409         80.7928546 
         16.1814850   16399836.1034876  698316563.1388620   16399836.1034876         36.9045647        220.7397394 
          3.1345711   66760084.1833540  708217161.5326068   66760084.1833540        100.0000000        195.6291247 
          2.2602227   71118068.5785648  707389567.2813187   71118068.5785648        100.0000000        125.6995196 
         13.3121400   17109443.7878311  723927191.3787169   17109443.7878311         18.7906195        157.0207856 
         75.8399717    6068252.6084801  713362594.8640598    6068252.6084801         76.2083353        290.3063307 
          4.9289329   40348407.3641420  698225246.4500109   40348407.3641420        100.0000000        157.7119826 
         48.1089830    8822130.9842551  702898100.4797276    8822130.9842551         45.4850139        230.8499878 
          9.6939017   18926077.0824432  710137207.7365597   18926077.0824432         12.3444230        150.2733080 
          4.6503257   48817377.9896192  708232085.2506224   48817377.9896192         92.7906743        109.9349605 
         51.9049956    7742624.2786130  717523370.1287504    7742624.2786130         90.5410767        346.9218220 
          4.4679405   52680089.1100698  709822821.5146446   52680089.1100698          7.9975744        315.0159317 
          6.4789778   25121127.2568053  707143153.2631730   25121127.2568053          1.2527290        360.0000000 
          0.3785573  122270322.0770111  724273054.3243815  122270322.0770111         98.6852081         24.7863550 
          1.1029745  101444813.8696769  726300065.1641889  101444813.8696769         91.0050003        151.4463395 
          3.5572761   60822423.0439702  723802354.5543885   60822423.0439702          4.4152735        201.3831071 
          1.2870569   94339057.7549752  726300065.1839073   94339057.7549752         98.0385362         10.7461897 
          2.4715002   68133962.7997278  720276432.5184469   68133962.7997278        100.0000000          1.0000000 
         22.2163650   14109669.9276864  702017627.8795269   14109669.9276864         46.7646519        250.1468715 
         58.3613981    7310872.4872065  713316366.1560466    7310872.4872065         77.0131671        296.6692919 
          0.3715873  122509950.1505457  724172930.9643770  122509950.1505457         98.7292621         25.5818092 
          2.2498550   70541883.1710893  704768538.7739965   70541883.1710893        100.0000000        113.8959210 
         37.9523326    9001858.2542389  695263767.3145608    9001858.2542389         21.6725726        144.9980097 
          1.1882546   96945655.2191048  695962599.4637207   96945655.2191048        100.0000000        231.5290839 
         28.5150715   10099010.0816676  721752783.5705665   10099010.0816676          6.6104749         93.4200933 
          1.0162502  102211416.4210063  726300065.1839073  102211416.4210063         91.0496755        151.6625175 
          1.8990704   78656130.2158701  706987032.2904391   78656130.2158701         99.4712678        216.8708731 
         69.2927931    6593850.3628425  725051953.0123371    6593850.3628425         78.6135930         52.7444598 
          0.4567415  121362648.8423745  724897259.4709048  121362648.8423745         99.8324428         34.4799275 
          0.2659032  126536758.4738898  723182026.8343935  126536758.4738898         99.9741279          1.3514813 
          1.7260442   93727976.9992486  705755707.2447935   93727976.9992486         85.5463646        256.2662306 
          1.8140346   87086800.8461703  706072842.7840751   87086800.8461703         85.4083362        261.5184369 
          1.0593643  101758470.9786817  726300065.1838180  101758470.9786817         91.0715544        151.5982680 
          0.8768736  104324321.3984023  708367185.3515738  104324321.3984023        100.0000000          1.0000000 
          2.0265726   76820861.5794207  726272209.6069031   76820861.5794207         91.2543557        243.3428561 
          3.7999800   53541596.8414059  709723960.1464496   53541596.8414059          2.0820516        197.4177675 
          2.3383341   70398548.8817745  703004638.2961848   70398548.8817745         98.9299227        308.3267223 
          0.7429856  110926466.3984093  709233973.1505057  110926466.3984093        100.0000000         60.0695558 
         83.0866392    5649876.6422790  714133399.6238183    5649876.6422790         78.3066369        296.7556230 
          0.3719723  122621127.5767428  724130887.3029395  122621127.5767428         98.6411818         25.5712912 
          0.3727984  122872647.6269897  724013231.0627071  122872647.6269897         98.5540067         25.5633445 
          0.3716550  122745273.8585644  724081711.6918585  122745273.8585644         98.6136715         25.6360441 
          8.7592653   21745385.0509474  721405199.6018595   21745385.0509474         14.4225334        154.0313686 
         17.4079510   16080903.0170591  701532711.2397895   16080903.0170591         46.7502174        255.5586085 
